((("break" .
   [0 0 0 0 1])
  ("getchar" .
   [2 0 0 0 0 0 0])
  ("a" .
   [1])
  ("retval" .
   [2 0 0 0 0 0])
  ("buffer" .
   [8 0 0 0 0 0])
  ("strlen" .
   [2 0 0 0 0 0])
  ("sendto" .
   [1 0 0 0 0 0])
  ("peer_addr_len" .
   [1 0 0 0 1 0 0 0 0 0 1 0 1])
  ("peer_addr" .
   [0 0 0 0 0 0 0 0 1])
  ("sockaddr" .
   [0 0 0 1 0 0 0 1])
  ("struct" .
   [0 0 0 0 0 2])
  ("recvfrom" .
   [1 0 0 0 0 0 0 0])
  ("x" .
   [1])
  ("count" .
   [7 0 0 0 0])
  ("bigInt" .
   [0 0 0 1 0 1])
  ("digits" .
   [1 0 0 0 0 0])
  ("BIGINT_SIZE" .
   [0 0 0 1 0 0 0 0 0 0 0])
  ("len" .
   [1 0 0])
  ("gem" .
   [5 0 0])
  (":test" .
   [1 0 0 1 0])
  (":development" .
   [0 0 0 2 0 0 0 0 0 0 0 0])
  ("group" .
   [1 0 0 0 1])
  ("include" .
   [0 0 0 1 4 0 2])
  ("stdio.h" .
   [0 0 0 0 0 0 3])
  ("main" .
   [2 0 0 0])
  ("argc" .
   [2 0 0 0])
  ("argv" .
   [2 0 0 0])
  ("t" .
   [8])
  ("scanf" .
   [2 0 0 3 1])
  ("d" .
   [2])
  ("n" .
   [13])
  ("r" .
   [3])
  ("nums" .
   [3 0 0 0])
  ("define" .
   [1 0 0 0 0 2])
  ("h" .
   [1])
  ("inv" .
   [4 0 0])
  ("loc" .
   [4 0 0])
  ("printf" .
   [3 0 0 1 0 6])
  ("s" .
   [3])
  ("i" .
   [11])
  ("ifndef" .
   [0 0 0 0 1 0])
  ("_UTILS_GUARD" .
   [0 0 0 0 0 0 1 0 0 0 0 0])
  ("endif" .
   [1 0 0 0 0])
  ("in" .
   [4 0])
  ("end" .
   [2 0 0])
  ("return" .
   [0 0 0 0 2 0])
  ("strcmp" .
   [1 0 0 0 0 0])
  ("Waiting" .
   [0 0 0 0 1 0 0])
  ("c" .
   [2])
  ("sleep" .
   [1 0 0 0 0])
  ("time.h" .
   [1 0 0 0 1 1])
  ("strcpy" .
   [0 0 0 0 0 1])
  ("msg" .
   [7 0 0])
  ("math.h" .
   [1 0 0 0 1 0])
  ("talk" .
   [1 0 0 0])))
